52.01 20.84 31.844
52.01 20.85 31.835
52.01 20.86 31.827
52.01 20.87 31.818
52.01 20.88 31.809
52.01 20.89 31.800
52.01 20.90 31.791
52.01 20.91 31.783
52.01 20.92 31.774
52.01 20.93 31.766
52.01 20.94 31.757
52.01 20.95 31.748
52.01 20.96 31.739
52.01 20.97 31.731
52.01 20.98 31.722
52.01 20.99 31.714
52.01 21.00 31.705
52.01 21.01 31.696
52.01 21.02 31.687
52.01 21.03 31.677
52.01 21.04 31.668
52.01 21.05 31.658
52.01 21.06 31.648
52.01 21.07 31.638
52.01 21.08 31.628
52.01 21.09 31.618
52.01 21.10 31.607
52.01 21.11 31.596
52.01 21.12 31.585
52.01 21.13 31.573
52.01 21.14 31.562
52.01 21.15 31.550
52.01 21.16 31.537
52.01 21.17 31.524
52.01 21.18 31.511
52.01 21.19 31.497
52.01 21.20 31.483
52.01 21.21 31.468
52.01 21.22 31.454
52.02 20.84 31.812
52.02 20.85 31.803
52.02 20.86 31.794
52.02 20.87 31.785
52.02 20.88 31.776
52.02 20.89 31.767
52.02 20.90 31.758
52.02 20.91 31.749
52.02 20.92 31.740
52.02 20.93 31.731
52.02 20.94 31.721
52.02 20.95 31.712
52.02 20.96 31.702
52.02 20.97 31.694
52.02 20.98 31.685
52.02 20.99 31.676
52.02 21.00 31.666
52.02 21.01 31.656
52.02 21.02 31.647
52.02 21.03 31.637
52.02 21.04 31.627
52.02 21.05 31.617
52.02 21.06 31.607
52.02 21.07 31.596
52.02 21.08 31.585
52.02 21.09 31.574
52.02 21.10 31.563
52.02 21.11 31.551
52.02 21.12 31.540
52.02 21.13 31.528
52.02 21.14 31.516
52.02 21.15 31.504
52.02 21.16 31.491
52.02 21.17 31.477
52.02 21.18 31.463
52.02 21.19 31.449
52.02 21.20 31.434
52.02 21.21 31.419
52.02 21.22 31.405
52.03 20.84 31.781
52.03 20.85 31.772
52.03 20.86 31.762
52.03 20.87 31.753
52.03 20.88 31.744
52.03 20.89 31.734
52.03 20.90 31.725
52.03 20.91 31.715
52.03 20.92 31.706
52.03 20.93 31.696
52.03 20.94 31.687
52.03 20.95 31.677
52.03 20.96 31.667
52.03 20.97 31.657
52.03 20.98 31.648
52.03 20.99 31.638
52.03 21.00 31.628
52.03 21.01 31.618
52.03 21.02 31.608
52.03 21.03 31.598
52.03 21.04 31.587
52.03 21.05 31.577
52.03 21.06 31.566
52.03 21.07 31.555
52.03 21.08 31.543
52.03 21.09 31.532
52.03 21.10 31.520
52.03 21.11 31.508
52.03 21.12 31.496
52.03 21.13 31.484
52.03 21.14 31.471
52.03 21.15 31.459
52.03 21.16 31.445
52.03 21.17 31.431
52.03 21.18 31.417
52.03 21.19 31.401
52.03 21.20 31.387
52.03 21.21 31.372
52.03 21.22 31.357
52.04 20.84 31.750
52.04 20.85 31.741
52.04 20.86 31.731
52.04 20.87 31.722
52.04 20.88 31.712
52.04 20.89 31.703
52.04 20.90 31.693
52.04 20.91 31.683
52.04 20.92 31.673
52.04 20.93 31.663
52.04 20.94 31.653
52.04 20.95 31.643
52.04 20.96 31.633
52.04 20.97 31.622
52.04 20.98 31.612
52.04 20.99 31.602
52.04 21.00 31.591
52.04 21.01 31.581
52.04 21.02 31.570
52.04 21.03 31.559
52.04 21.04 31.548
52.04 21.05 31.538
52.04 21.06 31.527
52.04 21.07 31.515
52.04 21.08 31.503
52.04 21.09 31.491
52.04 21.10 31.478
52.04 21.11 31.465
52.04 21.12 31.453
52.04 21.13 31.441
52.04 21.14 31.428
52.04 21.15 31.414
52.04 21.16 31.401
52.04 21.17 31.386
52.04 21.18 31.371
52.04 21.19 31.356
52.04 21.20 31.340
52.04 21.21 31.325
52.04 21.22 31.310
52.05 20.84 31.720
52.05 20.85 31.710
52.05 20.86 31.701
52.05 20.87 31.691
52.05 20.88 31.681
52.05 20.89 31.671
52.05 20.90 31.661
52.05 20.91 31.651
52.05 20.92 31.641
52.05 20.93 31.631
52.05 20.94 31.620
52.05 20.95 31.610
52.05 20.96 31.599
52.05 20.97 31.589
52.05 20.98 31.578
52.05 20.99 31.567
52.05 21.00 31.556
52.05 21.01 31.545
52.05 21.02 31.533
52.05 21.03 31.522
52.05 21.04 31.511
52.05 21.05 31.499
52.05 21.06 31.488
52.05 21.07 31.475
52.05 21.08 31.463
52.05 21.09 31.450
52.05 21.10 31.437
52.05 21.11 31.424
52.05 21.12 31.412
52.05 21.13 31.398
52.05 21.14 31.385
52.05 21.15 31.371
52.05 21.16 31.357
52.05 21.17 31.342
52.05 21.18 31.327
52.05 21.19 31.311
52.05 21.20 31.296
52.05 21.21 31.281
52.05 21.22 31.265
52.06 20.84 31.690
52.06 20.85 31.680
52.06 20.86 31.671
52.06 20.87 31.661
52.06 20.88 31.651
52.06 20.89 31.641
52.06 20.90 31.631
52.06 20.91 31.620
52.06 20.92 31.610
52.06 20.93 31.599
52.06 20.94 31.589
52.06 20.95 31.578
52.06 20.96 31.567
52.06 20.97 31.556
52.06 20.98 31.544
52.06 20.99 31.533
52.06 21.00 31.522
52.06 21.01 31.510
52.06 21.02 31.498
52.06 21.03 31.486
52.06 21.04 31.474
52.06 21.05 31.461
52.06 21.06 31.449
52.06 21.07 31.437
52.06 21.08 31.424
52.06 21.09 31.411
52.06 21.10 31.398
52.06 21.11 31.384
52.06 21.12 31.371
52.06 21.13 31.358
52.06 21.14 31.344
52.06 21.15 31.329
52.06 21.16 31.314
52.06 21.17 31.299
52.06 21.18 31.284
52.06 21.19 31.268
52.06 21.20 31.253
52.06 21.21 31.237
52.06 21.22 31.221
52.07 20.84 31.661
52.07 20.85 31.651
52.07 20.86 31.641
52.07 20.87 31.632
52.07 20.88 31.622
52.07 20.89 31.611
52.07 20.90 31.601
52.07 20.91 31.591
52.07 20.92 31.580
52.07 20.93 31.569
52.07 20.94 31.558
52.07 20.95 31.546
52.07 20.96 31.535
52.07 20.97 31.523
52.07 20.98 31.512
52.07 20.99 31.500
52.07 21.00 31.488
52.07 21.01 31.475
52.07 21.02 31.463
52.07 21.03 31.451
52.07 21.04 31.438
52.07 21.05 31.425
52.07 21.06 31.412
52.07 21.07 31.399
52.07 21.08 31.386
52.07 21.09 31.373
52.07 21.10 31.359
52.07 21.11 31.345
52.07 21.12 31.332
52.07 21.13 31.318
52.07 21.14 31.303
52.07 21.15 31.288
52.07 21.16 31.273
52.07 21.17 31.257
52.07 21.18 31.242
52.07 21.19 31.226
52.07 21.20 31.211
52.07 21.21 31.195
52.07 21.22 31.179
52.08 20.84 31.633
52.08 20.85 31.623
52.08 20.86 31.613
52.08 20.87 31.603
52.08 20.88 31.593
52.08 20.89 31.582
52.08 20.90 31.572
52.08 20.91 31.561
52.08 20.92 31.550
52.08 20.93 31.539
52.08 20.94 31.527
52.08 20.95 31.515
52.08 20.96 31.503
52.08 20.97 31.491
52.08 20.98 31.479
52.08 20.99 31.467
52.08 21.00 31.455
52.08 21.01 31.442
52.08 21.02 31.429
52.08 21.03 31.416
52.08 21.04 31.403
52.08 21.05 31.389
52.08 21.06 31.376
52.08 21.07 31.362
52.08 21.08 31.349
52.08 21.09 31.335
52.08 21.10 31.321
52.08 21.11 31.307
52.08 21.12 31.293
52.08 21.13 31.278
52.08 21.14 31.264
52.08 21.15 31.248
52.08 21.16 31.233
52.08 21.17 31.217
52.08 21.18 31.202
52.08 21.19 31.186
52.08 21.20 31.170
52.08 21.21 31.154
52.08 21.22 31.138
52.09 20.84 31.606
52.09 20.85 31.596
52.09 20.86 31.586
52.09 20.87 31.575
52.09 20.88 31.565
52.09 20.89 31.554
52.09 20.90 31.544
52.09 20.91 31.532
52.09 20.92 31.521
52.09 20.93 31.509
52.09 20.94 31.497
52.09 20.95 31.485
52.09 20.96 31.472
52.09 20.97 31.460
52.09 20.98 31.448
52.09 20.99 31.435
52.09 21.00 31.422
52.09 21.01 31.409
52.09 21.02 31.396
52.09 21.03 31.383
52.09 21.04 31.369
52.09 21.05 31.355
52.09 21.06 31.341
52.09 21.07 31.327
52.09 21.08 31.313
52.09 21.09 31.299
52.09 21.10 31.284
52.09 21.11 31.270
52.09 21.12 31.255
52.09 21.13 31.240
52.09 21.14 31.225
52.09 21.15 31.210
52.09 21.16 31.194
52.09 21.17 31.178
52.09 21.18 31.163
52.09 21.19 31.147
52.09 21.20 31.131
52.09 21.21 31.115
52.09 21.22 31.099
52.10 20.84 31.580
52.10 20.85 31.570
52.10 20.86 31.560
52.10 20.87 31.549
52.10 20.88 31.538
52.10 20.89 31.527
52.10 20.90 31.516
52.10 20.91 31.504
52.10 20.92 31.492
52.10 20.93 31.480
52.10 20.94 31.467
52.10 20.95 31.455
52.10 20.96 31.442
52.10 20.97 31.430
52.10 20.98 31.417
52.10 20.99 31.404
52.10 21.00 31.391
52.10 21.01 31.377
52.10 21.02 31.364
52.10 21.03 31.350
52.10 21.04 31.336
52.10 21.05 31.322
52.10 21.06 31.308
52.10 21.07 31.294
52.10 21.08 31.279
52.10 21.09 31.264
52.10 21.10 31.249
52.10 21.11 31.234
52.10 21.12 31.219
52.10 21.13 31.203
52.10 21.14 31.188
52.10 21.15 31.172
52.10 21.16 31.157
52.10 21.17 31.141
52.10 21.18 31.125
52.10 21.19 31.109
52.10 21.20 31.093
52.10 21.21 31.077
52.10 21.22 31.061
52.11 20.84 31.555
52.11 20.85 31.544
52.11 20.86 31.533
52.11 20.87 31.522
52.11 20.88 31.511
52.11 20.89 31.500
52.11 20.90 31.488
52.11 20.91 31.476
52.11 20.92 31.464
52.11 20.93 31.451
52.11 20.94 31.439
52.11 20.95 31.426
52.11 20.96 31.413
52.11 20.97 31.400
52.11 20.98 31.387
52.11 20.99 31.373
52.11 21.00 31.360
52.11 21.01 31.346
52.11 21.02 31.332
52.11 21.03 31.318
52.11 21.04 31.304
52.11 21.05 31.290
52.11 21.06 31.276
52.11 21.07 31.261
52.11 21.08 31.246
52.11 21.09 31.231
52.11 21.10 31.215
52.11 21.11 31.199
52.11 21.12 31.184
52.11 21.13 31.168
52.11 21.14 31.152
52.11 21.15 31.136
52.11 21.16 31.120
52.11 21.17 31.104
52.11 21.18 31.089
52.11 21.19 31.072
52.11 21.20 31.056
52.11 21.21 31.040
52.11 21.22 31.024
52.12 20.84 31.530
52.12 20.85 31.519
52.12 20.86 31.508
52.12 20.87 31.497
52.12 20.88 31.485
52.12 20.89 31.473
52.12 20.90 31.461
52.12 20.91 31.449
52.12 20.92 31.436
52.12 20.93 31.424
52.12 20.94 31.411
52.12 20.95 31.398
52.12 20.96 31.385
52.12 20.97 31.371
52.12 20.98 31.357
52.12 20.99 31.344
52.12 21.00 31.330
52.12 21.01 31.316
52.12 21.02 31.302
52.12 21.03 31.288
52.12 21.04 31.274
52.12 21.05 31.260
52.12 21.06 31.245
52.12 21.07 31.229
52.12 21.08 31.214
52.12 21.09 31.198
52.12 21.10 31.181
52.12 21.11 31.165
52.12 21.12 31.149
52.12 21.13 31.133
52.12 21.14 31.117
52.12 21.15 31.102
52.12 21.16 31.085
52.12 21.17 31.069
52.12 21.18 31.053
52.12 21.19 31.037
52.12 21.20 31.021
52.12 21.21 31.005
52.12 21.22 30.989
52.13 20.84 31.507
52.13 20.85 31.495
52.13 20.86 31.484
52.13 20.87 31.472
52.13 20.88 31.460
52.13 20.89 31.448
52.13 20.90 31.436
52.13 20.91 31.423
52.13 20.92 31.410
52.13 20.93 31.397
52.13 20.94 31.384
52.13 20.95 31.370
52.13 20.96 31.357
52.13 20.97 31.343
52.13 20.98 31.329
52.13 20.99 31.315
52.13 21.00 31.301
52.13 21.01 31.287
52.13 21.02 31.273
52.13 21.03 31.258
52.13 21.04 31.244
52.13 21.05 31.229
52.13 21.06 31.213
52.13 21.07 31.198
52.13 21.08 31.182
52.13 21.09 31.165
52.13 21.10 31.149
52.13 21.11 31.133
52.13 21.12 31.117
52.13 21.13 31.100
52.13 21.14 31.084
52.13 21.15 31.068
52.13 21.16 31.052
52.13 21.17 31.035
52.13 21.18 31.019
52.13 21.19 31.003
52.13 21.20 30.987
52.13 21.21 30.971
52.13 21.22 30.954
52.14 20.84 31.484
52.14 20.85 31.472
52.14 20.86 31.460
52.14 20.87 31.448
52.14 20.88 31.436
52.14 20.89 31.424
52.14 20.90 31.411
52.14 20.91 31.398
52.14 20.92 31.385
52.14 20.93 31.371
52.14 20.94 31.357
52.14 20.95 31.344
52.14 20.96 31.330
52.14 20.97 31.316
52.14 20.98 31.301
52.14 20.99 31.287
52.14 21.00 31.273
52.14 21.01 31.258
52.14 21.02 31.243
52.14 21.03 31.229
52.14 21.04 31.214
52.14 21.05 31.198
52.14 21.06 31.183
52.14 21.07 31.167
52.14 21.08 31.151
52.14 21.09 31.134
52.14 21.10 31.118
52.14 21.11 31.101
52.14 21.12 31.085
52.14 21.13 31.068
52.14 21.14 31.052
52.14 21.15 31.036
52.14 21.16 31.019
52.14 21.17 31.003
52.14 21.18 30.987
52.14 21.19 30.970
52.14 21.20 30.954
52.14 21.21 30.938
52.14 21.22 30.921
52.15 20.84 31.461
52.15 20.85 31.449
52.15 20.86 31.437
52.15 20.87 31.425
52.15 20.88 31.412
52.15 20.89 31.400
52.15 20.90 31.387
52.15 20.91 31.373
52.15 20.92 31.360
52.15 20.93 31.346
52.15 20.94 31.332
52.15 20.95 31.318
52.15 20.96 31.304
52.15 20.97 31.289
52.15 20.98 31.275
52.15 20.99 31.260
52.15 21.00 31.245
52.15 21.01 31.230
52.15 21.02 31.215
52.15 21.03 31.200
52.15 21.04 31.185
52.15 21.05 31.169
52.15 21.06 31.153
52.15 21.07 31.137
52.15 21.08 31.120
52.15 21.09 31.104
52.15 21.10 31.087
52.15 21.11 31.071
52.15 21.12 31.054
52.15 21.13 31.038
52.15 21.14 31.021
52.15 21.15 31.005
52.15 21.16 30.988
52.15 21.17 30.972
52.15 21.18 30.955
52.15 21.19 30.939
52.15 21.20 30.923
52.15 21.21 30.906
52.15 21.22 30.889
52.16 20.84 31.440
52.16 20.85 31.428
52.16 20.86 31.415
52.16 20.87 31.403
52.16 20.88 31.390
52.16 20.89 31.377
52.16 20.90 31.363
52.16 20.91 31.350
52.16 20.92 31.336
52.16 20.93 31.322
52.16 20.94 31.308
52.16 20.95 31.293
52.16 20.96 31.279
52.16 20.97 31.264
52.16 20.98 31.249
52.16 20.99 31.234
52.16 21.00 31.218
52.16 21.01 31.203
52.16 21.02 31.188
52.16 21.03 31.172
52.16 21.04 31.156
52.16 21.05 31.140
52.16 21.06 31.124
52.16 21.07 31.107
52.16 21.08 31.091
52.16 21.09 31.075
52.16 21.10 31.058
52.16 21.11 31.041
52.16 21.12 31.025
52.16 21.13 31.008
52.16 21.14 30.991
52.16 21.15 30.975
52.16 21.16 30.958
52.16 21.17 30.942
52.16 21.18 30.925
52.16 21.19 30.909
52.16 21.20 30.892
52.16 21.21 30.875
52.16 21.22 30.859
52.17 20.84 31.420
52.17 20.85 31.407
52.17 20.86 31.394
52.17 20.87 31.381
52.17 20.88 31.368
52.17 20.89 31.355
52.17 20.90 31.341
52.17 20.91 31.327
52.17 20.92 31.313
52.17 20.93 31.299
52.17 20.94 31.284
52.17 20.95 31.269
52.17 20.96 31.254
52.17 20.97 31.239
52.17 20.98 31.224
52.17 20.99 31.208
52.17 21.00 31.192
52.17 21.01 31.177
52.17 21.02 31.161
52.17 21.03 31.145
52.17 21.04 31.129
52.17 21.05 31.112
52.17 21.06 31.096
52.17 21.07 31.079
52.17 21.08 31.063
52.17 21.09 31.046
52.17 21.10 31.029
52.17 21.11 31.013
52.17 21.12 30.996
52.17 21.13 30.979
52.17 21.14 30.962
52.17 21.15 30.946
52.17 21.16 30.929
52.17 21.17 30.912
52.17 21.18 30.896
52.17 21.19 30.879
52.17 21.20 30.863
52.17 21.21 30.846
52.17 21.22 30.829
52.18 20.84 31.400
52.18 20.85 31.387
52.18 20.86 31.374
52.18 20.87 31.361
52.18 20.88 31.347
52.18 20.89 31.333
52.18 20.90 31.319
52.18 20.91 31.305
52.18 20.92 31.290
52.18 20.93 31.276
52.18 20.94 31.261
52.18 20.95 31.246
52.18 20.96 31.230
52.18 20.97 31.215
52.18 20.98 31.199
52.18 20.99 31.183
52.18 21.00 31.167
52.18 21.01 31.151
52.18 21.02 31.135
52.18 21.03 31.118
52.18 21.04 31.101
52.18 21.05 31.085
52.18 21.06 31.068
52.18 21.07 31.051
52.18 21.08 31.035
52.18 21.09 31.018
52.18 21.10 31.001
52.18 21.11 30.985
52.18 21.12 30.968
52.18 21.13 30.951
52.18 21.14 30.934
52.18 21.15 30.918
52.18 21.16 30.901
52.18 21.17 30.884
52.18 21.18 30.868
52.18 21.19 30.851
52.18 21.20 30.835
52.18 21.21 30.818
52.18 21.22 30.801
52.19 20.84 31.380
52.19 20.85 31.367
52.19 20.86 31.354
52.19 20.87 31.340
52.19 20.88 31.327
52.19 20.89 31.313
52.19 20.90 31.298
52.19 20.91 31.283
52.19 20.92 31.269
52.19 20.93 31.254
52.19 20.94 31.238
52.19 20.95 31.223
52.19 20.96 31.207
52.19 20.97 31.191
52.19 20.98 31.175
52.19 20.99 31.159
52.19 21.00 31.143
52.19 21.01 31.126
52.19 21.02 31.110
52.19 21.03 31.092
52.19 21.04 31.075
52.19 21.05 31.058
52.19 21.06 31.041
52.19 21.07 31.024
52.19 21.08 31.008
52.19 21.09 30.991
52.19 21.10 30.974
52.19 21.11 30.957
52.19 21.12 30.941
52.19 21.13 30.924
52.19 21.14 30.907
52.19 21.15 30.891
52.19 21.16 30.874
52.19 21.17 30.857
52.19 21.18 30.841
52.19 21.19 30.824
52.19 21.20 30.807
52.19 21.21 30.790
52.19 21.22 30.773
